-10.0 -10.0 0.9999876561221204
-9.5 -10.0 0.9413953982800666
-9.0 -10.0 0.7753400962492819
-8.5 -10.0 0.5295195825994408
-8.0 -10.0 0.2375839859261567
-7.5 -10.0 -0.06632189735120068
-7.0 -10.0 -0.35210108504889737
-6.5 -10.0 -0.596802481161462
-6.0 -10.0 -0.786095708473608
-5.5 -10.0 -0.9142522407793475
-5.0 -10.0 -0.9829793407063873
-4.5 -10.0 -0.9995584471545887
-4.0 -10.0 -0.9747394897226348
-3.5 -10.0 -0.9207631170108094
-3.0 -10.0 -0.8497593056327711
-2.5 -10.0 -0.7726380389250822
-2.0 -10.0 -0.6984726873116567
-1.5 -10.0 -0.6342949941088823
-1.0 -10.0 -0.5851764690934534
-0.5 -10.0 -0.5544602372627473
0.0 -10.0 -0.5440211108893698
0.5 -10.0 -0.5544602372627473
1.0 -10.0 -0.5851764690934534
1.5 -10.0 -0.6342949941088823
2.0 -10.0 -0.6984726873116567
2.5 -10.0 -0.7726380389250822
3.0 -10.0 -0.8497593056327711
3.5 -10.0 -0.9207631170108094
4.0 -10.0 -0.9747394897226348
4.5 -10.0 -0.9995584471545887
5.0 -10.0 -0.9829793407063873
5.5 -10.0 -0.9142522407793475
6.0 -10.0 -0.786095708473608
6.5 -10.0 -0.596802481161462
7.0 -10.0 -0.35210108504889737
7.5 -10.0 -0.06632189735120068
8.0 -10.0 0.2375839859261567
8.5 -10.0 0.5295195825994408
9.0 -10.0 0.7753400962492819
9.5 -10.0 0.9413953982800666
10.0 -10.0 0.9999876561221204
-10.0 -9.5 0.9413953982800666
-9.5 -9.5 0.7634630391683066
-9.0 -9.5 0.4967774834591485
-8.5 -9.5 0.18018858365607882
-8.0 -9.5 -0.1461034162642843
-7.5 -9.5 -0.4463230330318782
-7.0 -9.5 -0.6932197600098279
-6.5 -9.5 -0.8701497788200918
-6.0 -9.5 -0.9712122754079591
-5.5 -9.5 -0.9998321002823947
-5.0 -9.5 -0.96635937593579
-4.5 -9.5 -0.885291309340699
-4.0 -9.5 -0.7726380389250822
-3.5 -9.5 -0.6437972364374531
-3.0 -9.5 -0.5121202140244393
-2.5 -9.5 -0.3881868968001523
-2.0 -9.5 -0.27968496044631697
-1.5 -9.5 -0.19171971819713807
-1.0 -9.5 -0.12736176564809504
-0.5 -9.5 -0.08825585875765106
0.0 -9.5 -0.0751511204618093
0.5 -9.5 -0.08825585875765106
1.0 -9.5 -0.12736176564809504
1.5 -9.5 -0.19171971819713807
2.0 -9.5 -0.27968496044631697
2.5 -9.5 -0.3881868968001523
3.0 -9.5 -0.5121202140244393
3.5 -9.5 -0.6437972364374531
4.0 -9.5 -0.7726380389250822
4.5 -9.5 -0.885291309340699
5.0 -9.5 -0.96635937593579
5.5 -9.5 -0.9998321002823947
6.0 -9.5 -0.9712122754079591
6.5 -9.5 -0.8701497788200918
7.0 -9.5 -0.6932197600098279
7.5 -9.5 -0.4463230330318782
8.0 -9.5 -0.1461034162642843
8.5 -9.5 0.18018858365607882
9.0 -9.5 0.4967774834591485
9.5 -9.5 0.7634630391683066
10.0 -9.5 0.9413953982800666
-10.0 -9.0 0.7753400962492819
-9.5 -9.0 0.4967774834591485
-9.0 -9.0 0.16084964506716973
-8.5 -9.0 -0.18586508096360313
-8.0 -9.0 -0.5010191903189258
-7.5 -9.0 -0.7519374418563864
-7.0 -9.0 -0.9186368297074818
-6.5 -9.0 -0.9943631767454474
-6.0 -9.0 -0.9840363888387289
-5.5 -9.0 -0.9012880566410308
-5.0 -9.0 -0.7648781678542789
-4.5 -9.0 -0.5952107881653997
-4.0 -9.0 -0.41148230684214054
-3.5 -9.0 -0.2297550545355613
-3.0 -9.0 -0.06201520022829486
-2.5 -9.0 0.08390834039201868
-2.0 -9.0 0.2037957684966491
-1.5 -9.0 0.29612598846898736
-1.0 -9.0 0.36104927727853203
-0.5 -9.0 0.3994343662553819
0.0 -9.0 0.4121184852417566
0.5 -9.0 0.3994343662553819
1.0 -9.0 0.36104927727853203
1.5 -9.0 0.29612598846898736
2.0 -9.0 0.2037957684966491
2.5 -9.0 0.08390834039201868
3.0 -9.0 -0.06201520022829486
3.5 -9.0 -0.2297550545355613
4.0 -9.0 -0.41148230684214054
4.5 -9.0 -0.5952107881653997
5.0 -9.0 -0.7648781678542789
5.5 -9.0 -0.9012880566410308
6.0 -9.0 -0.9840363888387289
6.5 -9.0 -0.9943631767454474
7.0 -9.0 -0.9186368297074818
7.5 -9.0 -0.7519374418563864
8.0 -9.0 -0.5010191903189258
8.5 -9.0 -0.18586508096360313
9.0 -9.0 0.16084964506716973
9.5 -9.0 0.4967774834591485
10.0 -9.0 0.7753400962492819
-10.0 -8.5 0.5295195825994408
-9.5 -8.5 0.18018858365607882
-9.0 -8.5 -0.18586508096360313
-8.5 -8.5 -0.5188928919606095
-8.0 -8.5 -0.7794285056873916
-7.5 -8.5 -0.9426846921389547
-7.0 -8.5 -0.99987544338315
-6.5 -8.5 -0.9567710253392187
-6.0 -8.5 -0.8302455463505097
-5.5 -8.5 -0.6437972364374531
-5.0 -8.5 -0.42300901138379043
-4.5 -8.5 -0.19171971819713807
-4.0 -8.5 0.030626057073721905
-3.5 -8.5 0.23030374346580101
-3.0 -8.5 0.3994343662553819
-2.5 -8.5 0.5352092030106904
-2.0 -8.5 0.6385813343466434
-1.5 -8.5 0.7127700890760097
-1.0 -8.5 0.761844956304576
-0.5 -8.5 0.7895557688708903
0.0 -8.5 0.7984871126234903
0.5 -8.5 0.7895557688708903
1.0 -8.5 0.761844956304576
1.5 -8.5 0.7127700890760097
2.0 -8.5 0.6385813343466434
2.5 -8.5 0.5352092030106904
3.0 -8.5 0.3994343662553819
3.5 -8.5 0.23030374346580101
4.0 -8.5 0.030626057073721905
4.5 -8.5 -0.19171971819713807
5.0 -8.5 -0.42300901138379043
5.5 -8.5 -0.6437972364374531
6.0 -8.5 -0.8302455463505097
6.5 -8.5 -0.9567710253392187
7.0 -8.5 -0.99987544338315
7.5 -8.5 -0.9426846921389547
8.0 -8.5 -0.7794285056873916
8.5 -8.5 -0.5188928919606095
9.0 -8.5 -0.18586508096360313
9.5 -8.5 0.18018858365607882
10.0 -8.5 0.5295195825994408
-10.0 -8.0 0.2375839859261567
-9.5 -8.0 -0.1461034162642843
-9.0 -8.0 -0.5010191903189258
-8.5 -8.0 -0.7794285056873916
-8.0 -8.0 -0.949820680215173
-7.5 -8.0 -0.9995584471545887
-7.0 -8.0 -0.9339707316330099
-6.5 -8.0 -0.7726380389250822
-6.0 -8.0 -0.5440211108893698
-5.5 -8.0 -0.27968496044631697
-5.0 -8.0 -0.009203041372185148
-4.5 -8.0 0.2435244837393342
-4.0 -8.0 0.4622279808582701
-3.5 -8.0 0.6385813343466434
-3.0 -8.0 0.7712319401165738
-2.5 -8.0 0.8640452146712826
-2.0 -8.0 0.9240590869570797
-1.5 -8.0 0.9595410423918999
-1.0 -8.0 0.9783888223346213
-0.5 -8.0 0.9869665831430964
0.0 -8.0 0.9893582466233818
0.5 -8.0 0.9869665831430964
1.0 -8.0 0.9783888223346213
1.5 -8.0 0.9595410423918999
2.0 -8.0 0.9240590869570797
2.5 -8.0 0.8640452146712826
3.0 -8.0 0.7712319401165738
3.5 -8.0 0.6385813343466434
4.0 -8.0 0.4622279808582701
4.5 -8.0 0.2435244837393342
5.0 -8.0 -0.009203041372185148
5.5 -8.0 -0.27968496044631697
6.0 -8.0 -0.5440211108893698
6.5 -8.0 -0.7726380389250822
7.0 -8.0 -0.9339707316330099
7.5 -8.0 -0.9995584471545887
8.0 -8.0 -0.949820680215173
8.5 -8.0 -0.7794285056873916
9.0 -8.0 -0.5010191903189258
9.5 -8.0 -0.1461034162642843
10.0 -8.0 0.2375839859261567
-10.0 -7.5 -0.06632189735120068
-9.5 -7.5 -0.4463230330318782
-9.0 -7.5 -0.7519374418563864
-8.5 -7.5 -0.9426846921389547
-8.0 -7.5 -0.9995584471545887
-7.5 -7.5 -0.9252991886879619
-7.0 -7.5 -0.7408696967183224
-6.5 -7.5 -0.4793717066740553
-6.0 -7.5 -0.17893944804707282
-5.5 -7.5 0.12392096648957746
-5.0 -7.5 0.3994343662553819
-4.5 -7.5 0.6275092659366737
-4.0 -7.5 0.7984871126234903
-3.5 -7.5 0.9120703588726622
-3.0 -7.5 0.9750687719887743
-2.5 -7.5 0.9986632057640765
-2.0 -7.5 0.9957806905528951
-1.5 -7.5 0.9789687979783406
-1.0 -7.5 0.958924944344792
-0.5 -7.5 0.9436405744837582
0.0 -7.5 0.9379999767747389
0.5 -7.5 0.9436405744837582
1.0 -7.5 0.958924944344792
1.5 -7.5 0.9789687979783406
2.0 -7.5 0.9957806905528951
2.5 -7.5 0.9986632057640765
3.0 -7.5 0.9750687719887743
3.5 -7.5 0.9120703588726622
4.0 -7.5 0.7984871126234903
4.5 -7.5 0.6275092659366737
5.0 -7.5 0.3994343662553819
5.5 -7.5 0.12392096648957746
6.0 -7.5 -0.17893944804707282
6.5 -7.5 -0.4793717066740553
7.0 -7.5 -0.7408696967183224
7.5 -7.5 -0.9252991886879619
8.0 -7.5 -0.9995584471545887
8.5 -7.5 -0.9426846921389547
9.0 -7.5 -0.7519374418563864
9.5 -7.5 -0.4463230330318782
10.0 -7.5 -0.06632189735120068
-10.0 -7.0 -0.35210108504889737
-9.5 -7.0 -0.6932197600098279
-9.0 -7.0 -0.9186368297074818
-8.5 -7.0 -0.99987544338315
-8.0 -7.0 -0.9339707316330099
-7.5 -7.0 -0.7408696967183224
-7.0 -7.0 -0.4570867375418006
-6.5 -7.0 -0.12736176564809504
-6.0 -7.0 0.2037957684966491
-5.5 -7.0 0.49907504060882774
-5.0 -7.0 0.7328169085463447
-4.5 -7.0 0.8926180020541369
-4.0 -7.0 0.9783888223346213
-3.5 -7.0 0.9996151678872693
-3.0 -7.0 0.9717622535057333
-2.5 -7.0 0.912702275416486
-2.0 -7.0 0.8398053526495963
-1.5 -7.0 0.7680081669497557
-1.0 -7.0 0.7088612918380416
-0.5 -7.0 0.6703268182871038
0.0 -7.0 0.6569865987187891
0.5 -7.0 0.6703268182871038
1.0 -7.0 0.7088612918380416
1.5 -7.0 0.7680081669497557
2.0 -7.0 0.8398053526495963
2.5 -7.0 0.912702275416486
3.0 -7.0 0.9717622535057333
3.5 -7.0 0.9996151678872693
4.0 -7.0 0.9783888223346213
4.5 -7.0 0.8926180020541369
5.0 -7.0 0.7328169085463447
5.5 -7.0 0.49907504060882774
6.0 -7.0 0.2037957684966491
6.5 -7.0 -0.12736176564809504
7.0 -7.0 -0.4570867375418006
7.5 -7.0 -0.7408696967183224
8.0 -7.0 -0.9339707316330099
8.5 -7.0 -0.99987544338315
9.0 -7.0 -0.9186368297074818
9.5 -7.0 -0.6932197600098279
10.0 -7.0 -0.35210108504889737
-10.0 -6.5 -0.596802481161462
-9.5 -6.5 -0.8701497788200918
-9.0 -6.5 -0.9943631767454474
-8.5 -6.5 -0.9567710253392187
-8.0 -6.5 -0.7726380389250822
-7.5 -6.5 -0.4793717066740553
-7.0 -6.5 -0.12736176564809504
-6.5 -6.5 0.23030374346580101
-6.0 -6.5 0.5470825314519259
-5.5 -6.5 0.7895557688708903
-5.0 -6.5 0.9405235877664755
-4.5 -6.5 0.9986632057640765
-4.0 -6.5 0.9755002233663514
-3.5 -6.5 0.8908561110251878
-3.0 -6.5 0.7680081669497557
-2.5 -6.5 0.6295771436954307
-2.0 -6.5 0.4947524458244981
-1.5 -6.5 0.37801079893363926
-1.0 -6.5 0.2891012951546481
-0.5 -6.5 0.23383200731917156
0.0 -6.5 0.21511998808781552
0.5 -6.5 0.23383200731917156
1.0 -6.5 0.2891012951546481
1.5 -6.5 0.37801079893363926
2.0 -6.5 0.4947524458244981
2.5 -6.5 0.6295771436954307
3.0 -6.5 0.7680081669497557
3.5 -6.5 0.8908561110251878
4.0 -6.5 0.9755002233663514
4.5 -6.5 0.9986632057640765
5.0 -6.5 0.9405235877664755
5.5 -6.5 0.7895557688708903
6.0 -6.5 0.5470825314519259
6.5 -6.5 0.23030374346580101
7.0 -6.5 -0.12736176564809504
7.5 -6.5 -0.4793717066740553
8.0 -6.5 -0.7726380389250822
8.5 -6.5 -0.9567710253392187
9.0 -6.5 -0.9943631767454474
9.5 -6.5 -0.8701497788200918
10.0 -6.5 -0.596802481161462
-10.0 -6.0 -0.786095708473608
-9.5 -6.0 -0.9712122754079591
-9.0 -6.0 -0.9840363888387289
-8.5 -6.0 -0.8302455463505097
-8.0 -6.0 -0.5440211108893698
-7.5 -6.0 -0.17893944804707282
-7.0 -6.0 0.2037957684966491
-6.5 -6.0 0.5470825314519259
-6.0 -6.0 0.8072610908541349
-5.5 -6.0 0.9595410423918999
-5.0 -6.0 0.9990439103118804
-4.5 -6.0 0.9379999767747389
-4.0 -6.0 0.8003730606575937
-3.5 -6.0 0.6155129809391914
-3.0 -6.0 0.4123377500596421
-2.5 -6.0 0.21511998808781552
-2.0 -6.0 0.04135821352247398
-1.5 -6.0 -0.09836753712529511
-1.0 -6.0 -0.19908366251892284
-0.5 -6.0 -0.25938757313514954
0.0 -6.0 -0.27941549819892586
0.5 -6.0 -0.25938757313514954
1.0 -6.0 -0.19908366251892284
1.5 -6.0 -0.09836753712529511
2.0 -6.0 0.04135821352247398
2.5 -6.0 0.21511998808781552
3.0 -6.0 0.4123377500596421
3.5 -6.0 0.6155129809391914
4.0 -6.0 0.8003730606575937
4.5 -6.0 0.9379999767747389
5.0 -6.0 0.9990439103118804
5.5 -6.0 0.9595410423918999
6.0 -6.0 0.8072610908541349
6.5 -6.0 0.5470825314519259
7.0 -6.0 0.2037957684966491
7.5 -6.0 -0.17893944804707282
8.0 -6.0 -0.5440211108893698
8.5 -6.0 -0.8302455463505097
9.0 -6.0 -0.9840363888387289
9.5 -6.0 -0.9712122754079591
10.0 -6.0 -0.786095708473608
-10.0 -5.5 -0.9142522407793475
-9.5 -5.5 -0.9998321002823947
-9.0 -5.5 -0.9012880566410308
-8.5 -5.5 -0.6437972364374531
-8.0 -5.5 -0.27968496044631697
-7.5 -5.5 0.12392096648957746
-7.0 -5.5 0.49907504060882774
-6.5 -5.5 0.7895557688708903
-6.0 -5.5 0.9595410423918999
-5.5 -5.5 0.9971280220366696
-5.0 -5.5 0.912702275416486
-4.5 -5.5 0.7332911239162124
-4.0 -5.5 0.4947524458244981
-3.5 -5.5 0.23383200731917156
-3.0 -5.5 -0.018202258823376307
-2.5 -5.5 -0.23931697217435838
-2.0 -5.5 -0.41762996308515077
-1.5 -5.5 -0.5499531829916474
-1.0 -5.5 -0.638859871898577
-0.5 -5.5 -0.6892872535122487
0.0 -5.5 -0.7055403255703919
0.5 -5.5 -0.6892872535122487
1.0 -5.5 -0.638859871898577
1.5 -5.5 -0.5499531829916474
2.0 -5.5 -0.41762996308515077
2.5 -5.5 -0.23931697217435838
3.0 -5.5 -0.018202258823376307
3.5 -5.5 0.23383200731917156
4.0 -5.5 0.4947524458244981
4.5 -5.5 0.7332911239162124
5.0 -5.5 0.912702275416486
5.5 -5.5 0.9971280220366696
6.0 -5.5 0.9595410423918999
6.5 -5.5 0.7895557688708903
7.0 -5.5 0.49907504060882774
7.5 -5.5 0.12392096648957746
8.0 -5.5 -0.27968496044631697
8.5 -5.5 -0.6437972364374531
9.0 -5.5 -0.9012880566410308
9.5 -5.5 -0.9998321002823947
10.0 -5.5 -0.9142522407793475
-10.0 -5.0 -0.9829793407063873
-9.5 -5.0 -0.96635937593579
-9.0 -5.0 -0.7648781678542789
-8.5 -5.0 -0.42300901138379043
-8.0 -5.0 -0.009203041372185148
-7.5 -5.0 0.3994343662553819
-7.0 -5.0 0.7328169085463447
-6.5 -5.0 0.9405235877664755
-6.0 -5.0 0.9990439103118804
-5.5 -5.0 0.912702275416486
-5.0 -5.0 0.7088612918380416
-4.5 -5.0 0.42921793432606675
-4.0 -5.0 0.11965157649377203
-3.5 -5.0 -0.1789385664422879
-3.0 -5.0 -0.43697551727207756
-2.5 -5.0 -0.638859871898577
-2.0 -5.0 -0.7820948988254615
-1.5 -5.0 -0.8738337560726113
-1.0 -5.0 -0.9261848392897116
-0.5 -5.0 -0.9515529346370246
0.0 -5.0 -0.9589242746631385
0.5 -5.0 -0.9515529346370246
1.0 -5.0 -0.9261848392897116
1.5 -5.0 -0.8738337560726113
2.0 -5.0 -0.7820948988254615
2.5 -5.0 -0.638859871898577
3.0 -5.0 -0.43697551727207756
3.5 -5.0 -0.1789385664422879
4.0 -5.0 0.11965157649377203
4.5 -5.0 0.42921793432606675
5.0 -5.0 0.7088612918380416
5.5 -5.0 0.912702275416486
6.0 -5.0 0.9990439103118804
6.5 -5.0 0.9405235877664755
7.0 -5.0 0.7328169085463447
7.5 -5.0 0.3994343662553819
8.0 -5.0 -0.009203041372185148
8.5 -5.0 -0.42300901138379043
9.0 -5.0 -0.7648781678542789
9.5 -5.0 -0.96635937593579
10.0 -5.0 -0.9829793407063873
-10.0 -4.5 -0.9995584471545887
-9.5 -4.5 -0.885291309340699
-9.0 -4.5 -0.5952107881653997
-8.5 -4.5 -0.19171971819713807
-8.0 -4.5 0.2435244837393342
-7.5 -4.5 0.6275092659366737
-7.0 -4.5 0.8926180020541369
-6.5 -4.5 0.9986632057640765
-6.0 -4.5 0.9379999767747389
-5.5 -4.5 0.7332911239162124
-5.0 -4.5 0.42921793432606675
-4.5 -4.5 0.08068791235517521
-4.0 -4.5 -0.25938757313514954
-3.5 -4.5 -0.5499531829916474
-3.0 -4.5 -0.7674527255292299
-2.5 -4.5 -0.9066904011786099
-2.0 -4.5 -0.977603638465729
-1.5 -4.5 -0.9995186854312748
-1.0 -4.5 -0.9947395197209421
-0.5 -4.5 -0.9829920494187225
0.0 -4.5 -0.977530117665097
0.5 -4.5 -0.9829920494187225
1.0 -4.5 -0.9947395197209421
1.5 -4.5 -0.9995186854312748
2.0 -4.5 -0.977603638465729
2.5 -4.5 -0.9066904011786099
3.0 -4.5 -0.7674527255292299
3.5 -4.5 -0.5499531829916474
4.0 -4.5 -0.25938757313514954
4.5 -4.5 0.08068791235517521
5.0 -4.5 0.42921793432606675
5.5 -4.5 0.7332911239162124
6.0 -4.5 0.9379999767747389
6.5 -4.5 0.9986632057640765
7.0 -4.5 0.8926180020541369
7.5 -4.5 0.6275092659366737
8.0 -4.5 0.2435244837393342
8.5 -4.5 -0.19171971819713807
9.0 -4.5 -0.5952107881653997
9.5 -4.5 -0.885291309340699
10.0 -4.5 -0.9995584471545887
-10.0 -4.0 -0.9747394897226348
-9.5 -4.0 -0.7726380389250822
-9.0 -4.0 -0.41148230684214054
-8.5 -4.0 0.030626057073721905
-8.0 -4.0 0.4622279808582701
-7.5 -4.0 0.7984871126234903
-7.0 -4.0 0.9783888223346213
-6.5 -4.0 0.9755002233663514
-6.0 -4.0 0.8003730606575937
-5.5 -4.0 0.4947524458244981
-5.0 -4.0 0.11965157649377203
-4.5 -4.0 -0.25938757313514954
-4.0 -4.0 -0.586176193003373
-3.5 -4.0 -0.823817185490142
-3.0 -4.0 -0.9589242746631385
-2.5 -4.0 -0.9999894127234641
-2.0 -4.0 -0.9712777989606532
-1.5 -4.0 -0.9045867109767788
-1.0 -4.0 -0.8313391791635062
-0.5 -4.0 -0.7767797556090367
0.0 -4.0 -0.7568024953079282
0.5 -4.0 -0.7767797556090367
1.0 -4.0 -0.8313391791635062
1.5 -4.0 -0.9045867109767788
2.0 -4.0 -0.9712777989606532
2.5 -4.0 -0.9999894127234641
3.0 -4.0 -0.9589242746631385
3.5 -4.0 -0.823817185490142
4.0 -4.0 -0.586176193003373
4.5 -4.0 -0.25938757313514954
5.0 -4.0 0.11965157649377203
5.5 -4.0 0.4947524458244981
6.0 -4.0 0.8003730606575937
6.5 -4.0 0.9755002233663514
7.0 -4.0 0.9783888223346213
7.5 -4.0 0.7984871126234903
8.0 -4.0 0.4622279808582701
8.5 -4.0 0.030626057073721905
9.0 -4.0 -0.41148230684214054
9.5 -4.0 -0.7726380389250822
10.0 -4.0 -0.9747394897226348
-10.0 -3.5 -0.9207631170108094
-9.5 -3.5 -0.6437972364374531
-9.0 -3.5 -0.2297550545355613
-8.5 -3.5 0.23030374346580101
-8.0 -3.5 0.6385813343466434
-7.5 -3.5 0.9120703588726622
-7.0 -3.5 0.9996151678872693
-6.5 -3.5 0.8908561110251878
-6.0 -3.5 0.6155129809391914
-5.5 -3.5 0.23383200731917156
-5.0 -3.5 -0.1789385664422879
-4.5 -3.5 -0.5499531829916474
-4.0 -3.5 -0.823817185490142
-3.5 -3.5 -0.9719624796855281
-3.0 -3.5 -0.9947395197209421
-2.5 -3.5 -0.9166312999989196
-2.0 -3.5 -0.7767797556090367
-1.5 -3.5 -0.6180768070220234
-1.0 -3.5 -0.47807550576420965
-0.5 -3.5 -0.3838307528661284
0.0 -3.5 -0.35078322768961984
0.5 -3.5 -0.3838307528661284
1.0 -3.5 -0.47807550576420965
1.5 -3.5 -0.6180768070220234
2.0 -3.5 -0.7767797556090367
2.5 -3.5 -0.9166312999989196
3.0 -3.5 -0.9947395197209421
3.5 -3.5 -0.9719624796855281
4.0 -3.5 -0.823817185490142
4.5 -3.5 -0.5499531829916474
5.0 -3.5 -0.1789385664422879
5.5 -3.5 0.23383200731917156
6.0 -3.5 0.6155129809391914
6.5 -3.5 0.8908561110251878
7.0 -3.5 0.9996151678872693
7.5 -3.5 0.9120703588726622
8.0 -3.5 0.6385813343466434
8.5 -3.5 0.23030374346580101
9.0 -3.5 -0.2297550545355613
9.5 -3.5 -0.6437972364374531
10.0 -3.5 -0.9207631170108094
-10.0 -3.0 -0.8497593056327711
-9.5 -3.0 -0.5121202140244393
-9.0 -3.0 -0.06201520022829486
-8.5 -3.0 0.3994343662553819
-8.0 -3.0 0.7712319401165738
-7.5 -3.0 0.9750687719887743
-7.0 -3.0 0.9717622535057333
-6.5 -3.0 0.7680081669497557
-6.0 -3.0 0.4123377500596421
-5.5 -3.0 -0.018202258823376307
-5.0 -3.0 -0.43697551727207756
-4.5 -3.0 -0.7674527255292299
-4.0 -3.0 -0.9589242746631385
-3.5 -3.0 -0.9947395197209421
-3.0 -3.0 -0.8916822544789358
-2.5 -3.0 -0.6914773966101274
-2.0 -3.0 -0.44749175223692067
-1.5 -3.0 -0.2109134263274861
-1.0 -3.0 -0.020683531529582487
-0.5 -3.0 0.10004374679370173
0.0 -3.0 0.1411200080598672
0.5 -3.0 0.10004374679370173
1.0 -3.0 -0.020683531529582487
1.5 -3.0 -0.2109134263274861
2.0 -3.0 -0.44749175223692067
2.5 -3.0 -0.6914773966101274
3.0 -3.0 -0.8916822544789358
3.5 -3.0 -0.9947395197209421
4.0 -3.0 -0.9589242746631385
4.5 -3.0 -0.7674527255292299
5.0 -3.0 -0.43697551727207756
5.5 -3.0 -0.018202258823376307
6.0 -3.0 0.4123377500596421
6.5 -3.0 0.7680081669497557
7.0 -3.0 0.9717622535057333
7.5 -3.0 0.9750687719887743
8.0 -3.0 0.7712319401165738
8.5 -3.0 0.3994343662553819
9.0 -3.0 -0.06201520022829486
9.5 -3.0 -0.5121202140244393
10.0 -3.0 -0.8497593056327711
-10.0 -2.5 -0.7726380389250822
-9.5 -2.5 -0.3881868968001523
-9.0 -2.5 0.08390834039201868
-8.5 -2.5 0.5352092030106904
-8.0 -2.5 0.8640452146712826
-7.5 -2.5 0.9986632057640765
-7.0 -2.5 0.912702275416486
-6.5 -2.5 0.6295771436954307
-6.0 -2.5 0.21511998808781552
-5.5 -2.5 -0.23931697217435838
-5.0 -2.5 -0.638859871898577
-4.5 -2.5 -0.9066904011786099
-4.0 -2.5 -0.9999894127234641
-3.5 -2.5 -0.9166312999989196
-3.0 -2.5 -0.6914773966101274
-2.5 -2.5 -0.3838307528661284
-2.0 -2.5 -0.059933526524411
-1.5 -2.5 0.22419478138611312
-1.0 -2.5 0.4340741037102883
-0.5 -2.5 0.558090578462992
0.0 -2.5 0.5984721441039565
0.5 -2.5 0.558090578462992
1.0 -2.5 0.4340741037102883
1.5 -2.5 0.22419478138611312
2.0 -2.5 -0.059933526524411
2.5 -2.5 -0.3838307528661284
3.0 -2.5 -0.6914773966101274
3.5 -2.5 -0.9166312999989196
4.0 -2.5 -0.9999894127234641
4.5 -2.5 -0.9066904011786099
5.0 -2.5 -0.638859871898577
5.5 -2.5 -0.23931697217435838
6.0 -2.5 0.21511998808781552
6.5 -2.5 0.6295771436954307
7.0 -2.5 0.912702275416486
7.5 -2.5 0.9986632057640765
8.0 -2.5 0.8640452146712826
8.5 -2.5 0.5352092030106904
9.0 -2.5 0.08390834039201868
9.5 -2.5 -0.3881868968001523
10.0 -2.5 -0.7726380389250822
-10.0 -2.0 -0.6984726873116567
-9.5 -2.0 -0.27968496044631697
-9.0 -2.0 0.2037957684966491
-8.5 -2.0 0.6385813343466434
-8.0 -2.0 0.9240590869570797
-7.5 -2.0 0.9957806905528951
-7.0 -2.0 0.8398053526495963
-6.5 -2.0 0.4947524458244981
-6.0 -2.0 0.04135821352247398
-5.5 -2.0 -0.41762996308515077
-5.0 -2.0 -0.7820948988254615
-4.5 -2.0 -0.977603638465729
-4.0 -2.0 -0.9712777989606532
-3.5 -2.0 -0.7767797556090367
-3.0 -2.0 -0.44749175223692067
-2.5 -2.0 -0.059933526524411
-2.0 -2.0 0.30807174236304485
-1.5 -2.0 0.5984721441039565
-1.0 -2.0 0.786749131547214
-0.5 -2.0 0.8819765842751007
0.0 -2.0 0.9092974268256817
0.5 -2.0 0.8819765842751007
1.0 -2.0 0.786749131547214
1.5 -2.0 0.5984721441039565
2.0 -2.0 0.30807174236304485
2.5 -2.0 -0.059933526524411
3.0 -2.0 -0.44749175223692067
3.5 -2.0 -0.7767797556090367
4.0 -2.0 -0.9712777989606532
4.5 -2.0 -0.977603638465729
5.0 -2.0 -0.7820948988254615
5.5 -2.0 -0.41762996308515077
6.0 -2.0 0.04135821352247398
6.5 -2.0 0.4947524458244981
7.0 -2.0 0.8398053526495963
7.5 -2.0 0.9957806905528951
8.0 -2.0 0.9240590869570797
8.5 -2.0 0.6385813343466434
9.0 -2.0 0.2037957684966491
9.5 -2.0 -0.27968496044631697
10.0 -2.0 -0.6984726873116567
-10.0 -1.5 -0.6342949941088823
-9.5 -1.5 -0.19171971819713807
-9.0 -1.5 0.29612598846898736
-8.5 -1.5 0.7127700890760097
-8.0 -1.5 0.9595410423918999
-7.5 -1.5 0.9789687979783406
-7.0 -1.5 0.7680081669497557
-6.5 -1.5 0.37801079893363926
-6.0 -1.5 -0.09836753712529511
-5.5 -1.5 -0.5499531829916474
-5.0 -1.5 -0.8738337560726113
-4.5 -1.5 -0.9995186854312748
-4.0 -1.5 -0.9045867109767788
-3.5 -1.5 -0.6180768070220234
-3.0 -1.5 -0.2109134263274861
-2.5 -1.5 0.22419478138611312
-2.0 -1.5 0.5984721441039565
-1.5 -1.5 0.8522505081524894
-1.0 -1.5 0.9732132496422036
-0.5 -1.5 0.9999465167896046
0.0 -1.5 0.9974949866040544
0.5 -1.5 0.9999465167896046
1.0 -1.5 0.9732132496422036
1.5 -1.5 0.8522505081524894
2.0 -1.5 0.5984721441039565
2.5 -1.5 0.22419478138611312
3.0 -1.5 -0.2109134263274861
3.5 -1.5 -0.6180768070220234
4.0 -1.5 -0.9045867109767788
4.5 -1.5 -0.9995186854312748
5.0 -1.5 -0.8738337560726113
5.5 -1.5 -0.5499531829916474
6.0 -1.5 -0.09836753712529511
6.5 -1.5 0.37801079893363926
7.0 -1.5 0.7680081669497557
7.5 -1.5 0.9789687979783406
8.0 -1.5 0.9595410423918999
8.5 -1.5 0.7127700890760097
9.0 -1.5 0.29612598846898736
9.5 -1.5 -0.19171971819713807
10.0 -1.5 -0.6342949941088823
-10.0 -1.0 -0.5851764690934534
-9.5 -1.0 -0.12736176564809504
-9.0 -1.0 0.36104927727853203
-8.5 -1.0 0.761844956304576
-8.0 -1.0 0.9783888223346213
-7.5 -1.0 0.958924944344792
-7.0 -1.0 0.7088612918380416
-6.5 -1.0 0.2891012951546481
-6.0 -1.0 -0.19908366251892284
-5.5 -1.0 -0.638859871898577
-5.0 -1.0 -0.9261848392897116
-4.5 -1.0 -0.9947395197209421
-4.0 -1.0 -0.8313391791635062
-3.5 -1.0 -0.47807550576420965
-3.0 -1.0 -0.020683531529582487
-2.5 -1.0 0.4340741037102883
-2.0 -1.0 0.786749131547214
-1.5 -1.0 0.9732132496422036
-1.0 -1.0 0.9877659459927356
-0.5 -1.0 0.8992421466037851
0.0 -1.0 0.8414709848078965
0.5 -1.0 0.8992421466037851
1.0 -1.0 0.9877659459927356
1.5 -1.0 0.9732132496422036
2.0 -1.0 0.786749131547214
2.5 -1.0 0.4340741037102883
3.0 -1.0 -0.020683531529582487
3.5 -1.0 -0.47807550576420965
4.0 -1.0 -0.8313391791635062
4.5 -1.0 -0.9947395197209421
5.0 -1.0 -0.9261848392897116
5.5 -1.0 -0.638859871898577
6.0 -1.0 -0.19908366251892284
6.5 -1.0 0.2891012951546481
7.0 -1.0 0.7088612918380416
7.5 -1.0 0.958924944344792
8.0 -1.0 0.9783888223346213
8.5 -1.0 0.761844956304576
9.0 -1.0 0.36104927727853203
9.5 -1.0 -0.12736176564809504
10.0 -1.0 -0.5851764690934534
-10.0 -0.5 -0.5544602372627473
-9.5 -0.5 -0.08825585875765106
-9.0 -0.5 0.3994343662553819
-8.5 -0.5 0.7895557688708903
-8.0 -0.5 0.9869665831430964
-7.5 -0.5 0.9436405744837582
-7.0 -0.5 0.6703268182871038
-6.5 -0.5 0.23383200731917156
-6.0 -0.5 -0.25938757313514954
-5.5 -0.5 -0.6892872535122487
-5.0 -0.5 -0.9515529346370246
-4.5 -0.5 -0.9829920494187225
-4.0 -0.5 -0.7767797556090367
-3.5 -0.5 -0.3838307528661284
-3.0 -0.5 0.10004374679370173
-2.5 -0.5 0.558090578462992
-2.0 -0.5 0.8819765842751007
-1.5 -0.5 0.9999465167896046
-1.0 -0.5 0.8992421466037851
-0.5 -0.5 0.6496369390800625
0.0 -0.5 0.479425538604203
0.5 -0.5 0.6496369390800625
1.0 -0.5 0.8992421466037851
1.5 -0.5 0.9999465167896046
2.0 -0.5 0.8819765842751007
2.5 -0.5 0.558090578462992
3.0 -0.5 0.10004374679370173
3.5 -0.5 -0.3838307528661284
4.0 -0.5 -0.7767797556090367
4.5 -0.5 -0.9829920494187225
5.0 -0.5 -0.9515529346370246
5.5 -0.5 -0.6892872535122487
6.0 -0.5 -0.25938757313514954
6.5 -0.5 0.23383200731917156
7.0 -0.5 0.6703268182871038
7.5 -0.5 0.9436405744837582
8.0 -0.5 0.9869665831430964
8.5 -0.5 0.7895557688708903
9.0 -0.5 0.3994343662553819
9.5 -0.5 -0.08825585875765106
10.0 -0.5 -0.5544602372627473
-10.0 0.0 -0.5440211108893698
-9.5 0.0 -0.0751511204618093
-9.0 0.0 0.4121184852417566
-8.5 0.0 0.7984871126234903
-8.0 0.0 0.9893582466233818
-7.5 0.0 0.9379999767747389
-7.0 0.0 0.6569865987187891
-6.5 0.0 0.21511998808781552
-6.0 0.0 -0.27941549819892586
-5.5 0.0 -0.7055403255703919
-5.0 0.0 -0.9589242746631385
-4.5 0.0 -0.977530117665097
-4.0 0.0 -0.7568024953079282
-3.5 0.0 -0.35078322768961984
-3.0 0.0 0.1411200080598672
-2.5 0.0 0.5984721441039565
-2.0 0.0 0.9092974268256817
-1.5 0.0 0.9974949866040544
-1.0 0.0 0.8414709848078965
-0.5 0.0 0.479425538604203
0.0 0.0 0.0
0.5 0.0 0.479425538604203
1.0 0.0 0.8414709848078965
1.5 0.0 0.9974949866040544
2.0 0.0 0.9092974268256817
2.5 0.0 0.5984721441039565
3.0 0.0 0.1411200080598672
3.5 0.0 -0.35078322768961984
4.0 0.0 -0.7568024953079282
4.5 0.0 -0.977530117665097
5.0 0.0 -0.9589242746631385
5.5 0.0 -0.7055403255703919
6.0 0.0 -0.27941549819892586
6.5 0.0 0.21511998808781552
7.0 0.0 0.6569865987187891
7.5 0.0 0.9379999767747389
8.0 0.0 0.9893582466233818
8.5 0.0 0.7984871126234903
9.0 0.0 0.4121184852417566
9.5 0.0 -0.0751511204618093
10.0 0.0 -0.5440211108893698
-10.0 0.5 -0.5544602372627473
-9.5 0.5 -0.08825585875765106
-9.0 0.5 0.3994343662553819
-8.5 0.5 0.7895557688708903
-8.0 0.5 0.9869665831430964
-7.5 0.5 0.9436405744837582
-7.0 0.5 0.6703268182871038
-6.5 0.5 0.23383200731917156
-6.0 0.5 -0.25938757313514954
-5.5 0.5 -0.6892872535122487
-5.0 0.5 -0.9515529346370246
-4.5 0.5 -0.9829920494187225
-4.0 0.5 -0.7767797556090367
-3.5 0.5 -0.3838307528661284
-3.0 0.5 0.10004374679370173
-2.5 0.5 0.558090578462992
-2.0 0.5 0.8819765842751007
-1.5 0.5 0.9999465167896046
-1.0 0.5 0.8992421466037851
-0.5 0.5 0.6496369390800625
0.0 0.5 0.479425538604203
0.5 0.5 0.6496369390800625
1.0 0.5 0.8992421466037851
1.5 0.5 0.9999465167896046
2.0 0.5 0.8819765842751007
2.5 0.5 0.558090578462992
3.0 0.5 0.10004374679370173
3.5 0.5 -0.3838307528661284
4.0 0.5 -0.7767797556090367
4.5 0.5 -0.9829920494187225
5.0 0.5 -0.9515529346370246
5.5 0.5 -0.6892872535122487
6.0 0.5 -0.25938757313514954
6.5 0.5 0.23383200731917156
7.0 0.5 0.6703268182871038
7.5 0.5 0.9436405744837582
8.0 0.5 0.9869665831430964
8.5 0.5 0.7895557688708903
9.0 0.5 0.3994343662553819
9.5 0.5 -0.08825585875765106
10.0 0.5 -0.5544602372627473
-10.0 1.0 -0.5851764690934534
-9.5 1.0 -0.12736176564809504
-9.0 1.0 0.36104927727853203
-8.5 1.0 0.761844956304576
-8.0 1.0 0.9783888223346213
-7.5 1.0 0.958924944344792
-7.0 1.0 0.7088612918380416
-6.5 1.0 0.2891012951546481
-6.0 1.0 -0.19908366251892284
-5.5 1.0 -0.638859871898577
-5.0 1.0 -0.9261848392897116
-4.5 1.0 -0.9947395197209421
-4.0 1.0 -0.8313391791635062
-3.5 1.0 -0.47807550576420965
-3.0 1.0 -0.020683531529582487
-2.5 1.0 0.4340741037102883
-2.0 1.0 0.786749131547214
-1.5 1.0 0.9732132496422036
-1.0 1.0 0.9877659459927356
-0.5 1.0 0.8992421466037851
0.0 1.0 0.8414709848078965
0.5 1.0 0.8992421466037851
1.0 1.0 0.9877659459927356
1.5 1.0 0.9732132496422036
2.0 1.0 0.786749131547214
2.5 1.0 0.4340741037102883
3.0 1.0 -0.020683531529582487
3.5 1.0 -0.47807550576420965
4.0 1.0 -0.8313391791635062
4.5 1.0 -0.9947395197209421
5.0 1.0 -0.9261848392897116
5.5 1.0 -0.638859871898577
6.0 1.0 -0.19908366251892284
6.5 1.0 0.2891012951546481
7.0 1.0 0.7088612918380416
7.5 1.0 0.958924944344792
8.0 1.0 0.9783888223346213
8.5 1.0 0.761844956304576
9.0 1.0 0.36104927727853203
9.5 1.0 -0.12736176564809504
10.0 1.0 -0.5851764690934534
-10.0 1.5 -0.6342949941088823
-9.5 1.5 -0.19171971819713807
-9.0 1.5 0.29612598846898736
-8.5 1.5 0.7127700890760097
-8.0 1.5 0.9595410423918999
-7.5 1.5 0.9789687979783406
-7.0 1.5 0.7680081669497557
-6.5 1.5 0.37801079893363926
-6.0 1.5 -0.09836753712529511
-5.5 1.5 -0.5499531829916474
-5.0 1.5 -0.8738337560726113
-4.5 1.5 -0.9995186854312748
-4.0 1.5 -0.9045867109767788
-3.5 1.5 -0.6180768070220234
-3.0 1.5 -0.2109134263274861
-2.5 1.5 0.22419478138611312
-2.0 1.5 0.5984721441039565
-1.5 1.5 0.8522505081524894
-1.0 1.5 0.9732132496422036
-0.5 1.5 0.9999465167896046
0.0 1.5 0.9974949866040544
0.5 1.5 0.9999465167896046
1.0 1.5 0.9732132496422036
1.5 1.5 0.8522505081524894
2.0 1.5 0.5984721441039565
2.5 1.5 0.22419478138611312
3.0 1.5 -0.2109134263274861
3.5 1.5 -0.6180768070220234
4.0 1.5 -0.9045867109767788
4.5 1.5 -0.9995186854312748
5.0 1.5 -0.8738337560726113
5.5 1.5 -0.5499531829916474
6.0 1.5 -0.09836753712529511
6.5 1.5 0.37801079893363926
7.0 1.5 0.7680081669497557
7.5 1.5 0.9789687979783406
8.0 1.5 0.9595410423918999
8.5 1.5 0.7127700890760097
9.0 1.5 0.29612598846898736
9.5 1.5 -0.19171971819713807
10.0 1.5 -0.6342949941088823
-10.0 2.0 -0.6984726873116567
-9.5 2.0 -0.27968496044631697
-9.0 2.0 0.2037957684966491
-8.5 2.0 0.6385813343466434
-8.0 2.0 0.9240590869570797
-7.5 2.0 0.9957806905528951
-7.0 2.0 0.8398053526495963
-6.5 2.0 0.4947524458244981
-6.0 2.0 0.04135821352247398
-5.5 2.0 -0.41762996308515077
-5.0 2.0 -0.7820948988254615
-4.5 2.0 -0.977603638465729
-4.0 2.0 -0.9712777989606532
-3.5 2.0 -0.7767797556090367
-3.0 2.0 -0.44749175223692067
-2.5 2.0 -0.059933526524411
-2.0 2.0 0.30807174236304485
-1.5 2.0 0.5984721441039565
-1.0 2.0 0.786749131547214
-0.5 2.0 0.8819765842751007
0.0 2.0 0.9092974268256817
0.5 2.0 0.8819765842751007
1.0 2.0 0.786749131547214
1.5 2.0 0.5984721441039565
2.0 2.0 0.30807174236304485
2.5 2.0 -0.059933526524411
3.0 2.0 -0.44749175223692067
3.5 2.0 -0.7767797556090367
4.0 2.0 -0.9712777989606532
4.5 2.0 -0.977603638465729
5.0 2.0 -0.7820948988254615
5.5 2.0 -0.41762996308515077
6.0 2.0 0.04135821352247398
6.5 2.0 0.4947524458244981
7.0 2.0 0.8398053526495963
7.5 2.0 0.9957806905528951
8.0 2.0 0.9240590869570797
8.5 2.0 0.6385813343466434
9.0 2.0 0.2037957684966491
9.5 2.0 -0.27968496044631697
10.0 2.0 -0.6984726873116567
-10.0 2.5 -0.7726380389250822
-9.5 2.5 -0.3881868968001523
-9.0 2.5 0.08390834039201868
-8.5 2.5 0.5352092030106904
-8.0 2.5 0.8640452146712826
-7.5 2.5 0.9986632057640765
-7.0 2.5 0.912702275416486
-6.5 2.5 0.6295771436954307
-6.0 2.5 0.21511998808781552
-5.5 2.5 -0.23931697217435838
-5.0 2.5 -0.638859871898577
-4.5 2.5 -0.9066904011786099
-4.0 2.5 -0.9999894127234641
-3.5 2.5 -0.9166312999989196
-3.0 2.5 -0.6914773966101274
-2.5 2.5 -0.3838307528661284
-2.0 2.5 -0.059933526524411
-1.5 2.5 0.22419478138611312
-1.0 2.5 0.4340741037102883
-0.5 2.5 0.558090578462992
0.0 2.5 0.5984721441039565
0.5 2.5 0.558090578462992
1.0 2.5 0.4340741037102883
1.5 2.5 0.22419478138611312
2.0 2.5 -0.059933526524411
2.5 2.5 -0.3838307528661284
3.0 2.5 -0.6914773966101274
3.5 2.5 -0.9166312999989196
4.0 2.5 -0.9999894127234641
4.5 2.5 -0.9066904011786099
5.0 2.5 -0.638859871898577
5.5 2.5 -0.23931697217435838
6.0 2.5 0.21511998808781552
6.5 2.5 0.6295771436954307
7.0 2.5 0.912702275416486
7.5 2.5 0.9986632057640765
8.0 2.5 0.8640452146712826
8.5 2.5 0.5352092030106904
9.0 2.5 0.08390834039201868
9.5 2.5 -0.3881868968001523
10.0 2.5 -0.7726380389250822
-10.0 3.0 -0.8497593056327711
-9.5 3.0 -0.5121202140244393
-9.0 3.0 -0.06201520022829486
-8.5 3.0 0.3994343662553819
-8.0 3.0 0.7712319401165738
-7.5 3.0 0.9750687719887743
-7.0 3.0 0.9717622535057333
-6.5 3.0 0.7680081669497557
-6.0 3.0 0.4123377500596421
-5.5 3.0 -0.018202258823376307
-5.0 3.0 -0.43697551727207756
-4.5 3.0 -0.7674527255292299
-4.0 3.0 -0.9589242746631385
-3.5 3.0 -0.9947395197209421
-3.0 3.0 -0.8916822544789358
-2.5 3.0 -0.6914773966101274
-2.0 3.0 -0.44749175223692067
-1.5 3.0 -0.2109134263274861
-1.0 3.0 -0.020683531529582487
-0.5 3.0 0.10004374679370173
0.0 3.0 0.1411200080598672
0.5 3.0 0.10004374679370173
1.0 3.0 -0.020683531529582487
1.5 3.0 -0.2109134263274861
2.0 3.0 -0.44749175223692067
2.5 3.0 -0.6914773966101274
3.0 3.0 -0.8916822544789358
3.5 3.0 -0.9947395197209421
4.0 3.0 -0.9589242746631385
4.5 3.0 -0.7674527255292299
5.0 3.0 -0.43697551727207756
5.5 3.0 -0.018202258823376307
6.0 3.0 0.4123377500596421
6.5 3.0 0.7680081669497557
7.0 3.0 0.9717622535057333
7.5 3.0 0.9750687719887743
8.0 3.0 0.7712319401165738
8.5 3.0 0.3994343662553819
9.0 3.0 -0.06201520022829486
9.5 3.0 -0.5121202140244393
10.0 3.0 -0.8497593056327711
-10.0 3.5 -0.9207631170108094
-9.5 3.5 -0.6437972364374531
-9.0 3.5 -0.2297550545355613
-8.5 3.5 0.23030374346580101
-8.0 3.5 0.6385813343466434
-7.5 3.5 0.9120703588726622
-7.0 3.5 0.9996151678872693
-6.5 3.5 0.8908561110251878
-6.0 3.5 0.6155129809391914
-5.5 3.5 0.23383200731917156
-5.0 3.5 -0.1789385664422879
-4.5 3.5 -0.5499531829916474
-4.0 3.5 -0.823817185490142
-3.5 3.5 -0.9719624796855281
-3.0 3.5 -0.9947395197209421
-2.5 3.5 -0.9166312999989196
-2.0 3.5 -0.7767797556090367
-1.5 3.5 -0.6180768070220234
-1.0 3.5 -0.47807550576420965
-0.5 3.5 -0.3838307528661284
0.0 3.5 -0.35078322768961984
0.5 3.5 -0.3838307528661284
1.0 3.5 -0.47807550576420965
1.5 3.5 -0.6180768070220234
2.0 3.5 -0.7767797556090367
2.5 3.5 -0.9166312999989196
3.0 3.5 -0.9947395197209421
3.5 3.5 -0.9719624796855281
4.0 3.5 -0.823817185490142
4.5 3.5 -0.5499531829916474
5.0 3.5 -0.1789385664422879
5.5 3.5 0.23383200731917156
6.0 3.5 0.6155129809391914
6.5 3.5 0.8908561110251878
7.0 3.5 0.9996151678872693
7.5 3.5 0.9120703588726622
8.0 3.5 0.6385813343466434
8.5 3.5 0.23030374346580101
9.0 3.5 -0.2297550545355613
9.5 3.5 -0.6437972364374531
10.0 3.5 -0.9207631170108094
-10.0 4.0 -0.9747394897226348
-9.5 4.0 -0.7726380389250822
-9.0 4.0 -0.41148230684214054
-8.5 4.0 0.030626057073721905
-8.0 4.0 0.4622279808582701
-7.5 4.0 0.7984871126234903
-7.0 4.0 0.9783888223346213
-6.5 4.0 0.9755002233663514
-6.0 4.0 0.8003730606575937
-5.5 4.0 0.4947524458244981
-5.0 4.0 0.11965157649377203
-4.5 4.0 -0.25938757313514954
-4.0 4.0 -0.586176193003373
-3.5 4.0 -0.823817185490142
-3.0 4.0 -0.9589242746631385
-2.5 4.0 -0.9999894127234641
-2.0 4.0 -0.9712777989606532
-1.5 4.0 -0.9045867109767788
-1.0 4.0 -0.8313391791635062
-0.5 4.0 -0.7767797556090367
0.0 4.0 -0.7568024953079282
0.5 4.0 -0.7767797556090367
1.0 4.0 -0.8313391791635062
1.5 4.0 -0.9045867109767788
2.0 4.0 -0.9712777989606532
2.5 4.0 -0.9999894127234641
3.0 4.0 -0.9589242746631385
3.5 4.0 -0.823817185490142
4.0 4.0 -0.586176193003373
4.5 4.0 -0.25938757313514954
5.0 4.0 0.11965157649377203
5.5 4.0 0.4947524458244981
6.0 4.0 0.8003730606575937
6.5 4.0 0.9755002233663514
7.0 4.0 0.9783888223346213
7.5 4.0 0.7984871126234903
8.0 4.0 0.4622279808582701
8.5 4.0 0.030626057073721905
9.0 4.0 -0.41148230684214054
9.5 4.0 -0.7726380389250822
10.0 4.0 -0.9747394897226348
-10.0 4.5 -0.9995584471545887
-9.5 4.5 -0.885291309340699
-9.0 4.5 -0.5952107881653997
-8.5 4.5 -0.19171971819713807
-8.0 4.5 0.2435244837393342
-7.5 4.5 0.6275092659366737
-7.0 4.5 0.8926180020541369
-6.5 4.5 0.9986632057640765
-6.0 4.5 0.9379999767747389
-5.5 4.5 0.7332911239162124
-5.0 4.5 0.42921793432606675
-4.5 4.5 0.08068791235517521
-4.0 4.5 -0.25938757313514954
-3.5 4.5 -0.5499531829916474
-3.0 4.5 -0.7674527255292299
-2.5 4.5 -0.9066904011786099
-2.0 4.5 -0.977603638465729
-1.5 4.5 -0.9995186854312748
-1.0 4.5 -0.9947395197209421
-0.5 4.5 -0.9829920494187225
0.0 4.5 -0.977530117665097
0.5 4.5 -0.9829920494187225
1.0 4.5 -0.9947395197209421
1.5 4.5 -0.9995186854312748
2.0 4.5 -0.977603638465729
2.5 4.5 -0.9066904011786099
3.0 4.5 -0.7674527255292299
3.5 4.5 -0.5499531829916474
4.0 4.5 -0.25938757313514954
4.5 4.5 0.08068791235517521
5.0 4.5 0.42921793432606675
5.5 4.5 0.7332911239162124
6.0 4.5 0.9379999767747389
6.5 4.5 0.9986632057640765
7.0 4.5 0.8926180020541369
7.5 4.5 0.6275092659366737
8.0 4.5 0.2435244837393342
8.5 4.5 -0.19171971819713807
9.0 4.5 -0.5952107881653997
9.5 4.5 -0.885291309340699
10.0 4.5 -0.9995584471545887
-10.0 5.0 -0.9829793407063873
-9.5 5.0 -0.96635937593579
-9.0 5.0 -0.7648781678542789
-8.5 5.0 -0.42300901138379043
-8.0 5.0 -0.009203041372185148
-7.5 5.0 0.3994343662553819
-7.0 5.0 0.7328169085463447
-6.5 5.0 0.9405235877664755
-6.0 5.0 0.9990439103118804
-5.5 5.0 0.912702275416486
-5.0 5.0 0.7088612918380416
-4.5 5.0 0.42921793432606675
-4.0 5.0 0.11965157649377203
-3.5 5.0 -0.1789385664422879
-3.0 5.0 -0.43697551727207756
-2.5 5.0 -0.638859871898577
-2.0 5.0 -0.7820948988254615
-1.5 5.0 -0.8738337560726113
-1.0 5.0 -0.9261848392897116
-0.5 5.0 -0.9515529346370246
0.0 5.0 -0.9589242746631385
0.5 5.0 -0.9515529346370246
1.0 5.0 -0.9261848392897116
1.5 5.0 -0.8738337560726113
2.0 5.0 -0.7820948988254615
2.5 5.0 -0.638859871898577
3.0 5.0 -0.43697551727207756
3.5 5.0 -0.1789385664422879
4.0 5.0 0.11965157649377203
4.5 5.0 0.42921793432606675
5.0 5.0 0.7088612918380416
5.5 5.0 0.912702275416486
6.0 5.0 0.9990439103118804
6.5 5.0 0.9405235877664755
7.0 5.0 0.7328169085463447
7.5 5.0 0.3994343662553819
8.0 5.0 -0.009203041372185148
8.5 5.0 -0.42300901138379043
9.0 5.0 -0.7648781678542789
9.5 5.0 -0.96635937593579
10.0 5.0 -0.9829793407063873
-10.0 5.5 -0.9142522407793475
-9.5 5.5 -0.9998321002823947
-9.0 5.5 -0.9012880566410308
-8.5 5.5 -0.6437972364374531
-8.0 5.5 -0.27968496044631697
-7.5 5.5 0.12392096648957746
-7.0 5.5 0.49907504060882774
-6.5 5.5 0.7895557688708903
-6.0 5.5 0.9595410423918999
-5.5 5.5 0.9971280220366696
-5.0 5.5 0.912702275416486
-4.5 5.5 0.7332911239162124
-4.0 5.5 0.4947524458244981
-3.5 5.5 0.23383200731917156
-3.0 5.5 -0.018202258823376307
-2.5 5.5 -0.23931697217435838
-2.0 5.5 -0.41762996308515077
-1.5 5.5 -0.5499531829916474
-1.0 5.5 -0.638859871898577
-0.5 5.5 -0.6892872535122487
0.0 5.5 -0.7055403255703919
0.5 5.5 -0.6892872535122487
1.0 5.5 -0.638859871898577
1.5 5.5 -0.5499531829916474
2.0 5.5 -0.41762996308515077
2.5 5.5 -0.23931697217435838
3.0 5.5 -0.018202258823376307
3.5 5.5 0.23383200731917156
4.0 5.5 0.4947524458244981
4.5 5.5 0.7332911239162124
5.0 5.5 0.912702275416486
5.5 5.5 0.9971280220366696
6.0 5.5 0.9595410423918999
6.5 5.5 0.7895557688708903
7.0 5.5 0.49907504060882774
7.5 5.5 0.12392096648957746
8.0 5.5 -0.27968496044631697
8.5 5.5 -0.6437972364374531
9.0 5.5 -0.9012880566410308
9.5 5.5 -0.9998321002823947
10.0 5.5 -0.9142522407793475
-10.0 6.0 -0.786095708473608
-9.5 6.0 -0.9712122754079591
-9.0 6.0 -0.9840363888387289
-8.5 6.0 -0.8302455463505097
-8.0 6.0 -0.5440211108893698
-7.5 6.0 -0.17893944804707282
-7.0 6.0 0.2037957684966491
-6.5 6.0 0.5470825314519259
-6.0 6.0 0.8072610908541349
-5.5 6.0 0.9595410423918999
-5.0 6.0 0.9990439103118804
-4.5 6.0 0.9379999767747389
-4.0 6.0 0.8003730606575937
-3.5 6.0 0.6155129809391914
-3.0 6.0 0.4123377500596421
-2.5 6.0 0.21511998808781552
-2.0 6.0 0.04135821352247398
-1.5 6.0 -0.09836753712529511
-1.0 6.0 -0.19908366251892284
-0.5 6.0 -0.25938757313514954
0.0 6.0 -0.27941549819892586
0.5 6.0 -0.25938757313514954
1.0 6.0 -0.19908366251892284
1.5 6.0 -0.09836753712529511
2.0 6.0 0.04135821352247398
2.5 6.0 0.21511998808781552
3.0 6.0 0.4123377500596421
3.5 6.0 0.6155129809391914
4.0 6.0 0.8003730606575937
4.5 6.0 0.9379999767747389
5.0 6.0 0.9990439103118804
5.5 6.0 0.9595410423918999
6.0 6.0 0.8072610908541349
6.5 6.0 0.5470825314519259
7.0 6.0 0.2037957684966491
7.5 6.0 -0.17893944804707282
8.0 6.0 -0.5440211108893698
8.5 6.0 -0.8302455463505097
9.0 6.0 -0.9840363888387289
9.5 6.0 -0.9712122754079591
10.0 6.0 -0.786095708473608
-10.0 6.5 -0.596802481161462
-9.5 6.5 -0.8701497788200918
-9.0 6.5 -0.9943631767454474
-8.5 6.5 -0.9567710253392187
-8.0 6.5 -0.7726380389250822
-7.5 6.5 -0.4793717066740553
-7.0 6.5 -0.12736176564809504
-6.5 6.5 0.23030374346580101
-6.0 6.5 0.5470825314519259
-5.5 6.5 0.7895557688708903
-5.0 6.5 0.9405235877664755
-4.5 6.5 0.9986632057640765
-4.0 6.5 0.9755002233663514
-3.5 6.5 0.8908561110251878
-3.0 6.5 0.7680081669497557
-2.5 6.5 0.6295771436954307
-2.0 6.5 0.4947524458244981
-1.5 6.5 0.37801079893363926
-1.0 6.5 0.2891012951546481
-0.5 6.5 0.23383200731917156
0.0 6.5 0.21511998808781552
0.5 6.5 0.23383200731917156
1.0 6.5 0.2891012951546481
1.5 6.5 0.37801079893363926
2.0 6.5 0.4947524458244981
2.5 6.5 0.6295771436954307
3.0 6.5 0.7680081669497557
3.5 6.5 0.8908561110251878
4.0 6.5 0.9755002233663514
4.5 6.5 0.9986632057640765
5.0 6.5 0.9405235877664755
5.5 6.5 0.7895557688708903
6.0 6.5 0.5470825314519259
6.5 6.5 0.23030374346580101
7.0 6.5 -0.12736176564809504
7.5 6.5 -0.4793717066740553
8.0 6.5 -0.7726380389250822
8.5 6.5 -0.9567710253392187
9.0 6.5 -0.9943631767454474
9.5 6.5 -0.8701497788200918
10.0 6.5 -0.596802481161462
-10.0 7.0 -0.35210108504889737
-9.5 7.0 -0.6932197600098279
-9.0 7.0 -0.9186368297074818
-8.5 7.0 -0.99987544338315
-8.0 7.0 -0.9339707316330099
-7.5 7.0 -0.7408696967183224
-7.0 7.0 -0.4570867375418006
-6.5 7.0 -0.12736176564809504
-6.0 7.0 0.2037957684966491
-5.5 7.0 0.49907504060882774
-5.0 7.0 0.7328169085463447
-4.5 7.0 0.8926180020541369
-4.0 7.0 0.9783888223346213
-3.5 7.0 0.9996151678872693
-3.0 7.0 0.9717622535057333
-2.5 7.0 0.912702275416486
-2.0 7.0 0.8398053526495963
-1.5 7.0 0.7680081669497557
-1.0 7.0 0.7088612918380416
-0.5 7.0 0.6703268182871038
0.0 7.0 0.6569865987187891
0.5 7.0 0.6703268182871038
1.0 7.0 0.7088612918380416
1.5 7.0 0.7680081669497557
2.0 7.0 0.8398053526495963
2.5 7.0 0.912702275416486
3.0 7.0 0.9717622535057333
3.5 7.0 0.9996151678872693
4.0 7.0 0.9783888223346213
4.5 7.0 0.8926180020541369
5.0 7.0 0.7328169085463447
5.5 7.0 0.49907504060882774
6.0 7.0 0.2037957684966491
6.5 7.0 -0.12736176564809504
7.0 7.0 -0.4570867375418006
7.5 7.0 -0.7408696967183224
8.0 7.0 -0.9339707316330099
8.5 7.0 -0.99987544338315
9.0 7.0 -0.9186368297074818
9.5 7.0 -0.6932197600098279
10.0 7.0 -0.35210108504889737
-10.0 7.5 -0.06632189735120068
-9.5 7.5 -0.4463230330318782
-9.0 7.5 -0.7519374418563864
-8.5 7.5 -0.9426846921389547
-8.0 7.5 -0.9995584471545887
-7.5 7.5 -0.9252991886879619
-7.0 7.5 -0.7408696967183224
-6.5 7.5 -0.4793717066740553
-6.0 7.5 -0.17893944804707282
-5.5 7.5 0.12392096648957746
-5.0 7.5 0.3994343662553819
-4.5 7.5 0.6275092659366737
-4.0 7.5 0.7984871126234903
-3.5 7.5 0.9120703588726622
-3.0 7.5 0.9750687719887743
-2.5 7.5 0.9986632057640765
-2.0 7.5 0.9957806905528951
-1.5 7.5 0.9789687979783406
-1.0 7.5 0.958924944344792
-0.5 7.5 0.9436405744837582
0.0 7.5 0.9379999767747389
0.5 7.5 0.9436405744837582
1.0 7.5 0.958924944344792
1.5 7.5 0.9789687979783406
2.0 7.5 0.9957806905528951
2.5 7.5 0.9986632057640765
3.0 7.5 0.9750687719887743
3.5 7.5 0.9120703588726622
4.0 7.5 0.7984871126234903
4.5 7.5 0.6275092659366737
5.0 7.5 0.3994343662553819
5.5 7.5 0.12392096648957746
6.0 7.5 -0.17893944804707282
6.5 7.5 -0.4793717066740553
7.0 7.5 -0.7408696967183224
7.5 7.5 -0.9252991886879619
8.0 7.5 -0.9995584471545887
8.5 7.5 -0.9426846921389547
9.0 7.5 -0.7519374418563864
9.5 7.5 -0.4463230330318782
10.0 7.5 -0.06632189735120068
-10.0 8.0 0.2375839859261567
-9.5 8.0 -0.1461034162642843
-9.0 8.0 -0.5010191903189258
-8.5 8.0 -0.7794285056873916
-8.0 8.0 -0.949820680215173
-7.5 8.0 -0.9995584471545887
-7.0 8.0 -0.9339707316330099
-6.5 8.0 -0.7726380389250822
-6.0 8.0 -0.5440211108893698
-5.5 8.0 -0.27968496044631697
-5.0 8.0 -0.009203041372185148
-4.5 8.0 0.2435244837393342
-4.0 8.0 0.4622279808582701
-3.5 8.0 0.6385813343466434
-3.0 8.0 0.7712319401165738
-2.5 8.0 0.8640452146712826
-2.0 8.0 0.9240590869570797
-1.5 8.0 0.9595410423918999
-1.0 8.0 0.9783888223346213
-0.5 8.0 0.9869665831430964
0.0 8.0 0.9893582466233818
0.5 8.0 0.9869665831430964
1.0 8.0 0.9783888223346213
1.5 8.0 0.9595410423918999
2.0 8.0 0.9240590869570797
2.5 8.0 0.8640452146712826
3.0 8.0 0.7712319401165738
3.5 8.0 0.6385813343466434
4.0 8.0 0.4622279808582701
4.5 8.0 0.2435244837393342
5.0 8.0 -0.009203041372185148
5.5 8.0 -0.27968496044631697
6.0 8.0 -0.5440211108893698
6.5 8.0 -0.7726380389250822
7.0 8.0 -0.9339707316330099
7.5 8.0 -0.9995584471545887
8.0 8.0 -0.949820680215173
8.5 8.0 -0.7794285056873916
9.0 8.0 -0.5010191903189258
9.5 8.0 -0.1461034162642843
10.0 8.0 0.2375839859261567
-10.0 8.5 0.5295195825994408
-9.5 8.5 0.18018858365607882
-9.0 8.5 -0.18586508096360313
-8.5 8.5 -0.5188928919606095
-8.0 8.5 -0.7794285056873916
-7.5 8.5 -0.9426846921389547
-7.0 8.5 -0.99987544338315
-6.5 8.5 -0.9567710253392187
-6.0 8.5 -0.8302455463505097
-5.5 8.5 -0.6437972364374531
-5.0 8.5 -0.42300901138379043
-4.5 8.5 -0.19171971819713807
-4.0 8.5 0.030626057073721905
-3.5 8.5 0.23030374346580101
-3.0 8.5 0.3994343662553819
-2.5 8.5 0.5352092030106904
-2.0 8.5 0.6385813343466434
-1.5 8.5 0.7127700890760097
-1.0 8.5 0.761844956304576
-0.5 8.5 0.7895557688708903
0.0 8.5 0.7984871126234903
0.5 8.5 0.7895557688708903
1.0 8.5 0.761844956304576
1.5 8.5 0.7127700890760097
2.0 8.5 0.6385813343466434
2.5 8.5 0.5352092030106904
3.0 8.5 0.3994343662553819
3.5 8.5 0.23030374346580101
4.0 8.5 0.030626057073721905
4.5 8.5 -0.19171971819713807
5.0 8.5 -0.42300901138379043
5.5 8.5 -0.6437972364374531
6.0 8.5 -0.8302455463505097
6.5 8.5 -0.9567710253392187
7.0 8.5 -0.99987544338315
7.5 8.5 -0.9426846921389547
8.0 8.5 -0.7794285056873916
8.5 8.5 -0.5188928919606095
9.0 8.5 -0.18586508096360313
9.5 8.5 0.18018858365607882
10.0 8.5 0.5295195825994408
-10.0 9.0 0.7753400962492819
-9.5 9.0 0.4967774834591485
-9.0 9.0 0.16084964506716973
-8.5 9.0 -0.18586508096360313
-8.0 9.0 -0.5010191903189258
-7.5 9.0 -0.7519374418563864
-7.0 9.0 -0.9186368297074818
-6.5 9.0 -0.9943631767454474
-6.0 9.0 -0.9840363888387289
-5.5 9.0 -0.9012880566410308
-5.0 9.0 -0.7648781678542789
-4.5 9.0 -0.5952107881653997
-4.0 9.0 -0.41148230684214054
-3.5 9.0 -0.2297550545355613
-3.0 9.0 -0.06201520022829486
-2.5 9.0 0.08390834039201868
-2.0 9.0 0.2037957684966491
-1.5 9.0 0.29612598846898736
-1.0 9.0 0.36104927727853203
-0.5 9.0 0.3994343662553819
0.0 9.0 0.4121184852417566
0.5 9.0 0.3994343662553819
1.0 9.0 0.36104927727853203
1.5 9.0 0.29612598846898736
2.0 9.0 0.2037957684966491
2.5 9.0 0.08390834039201868
3.0 9.0 -0.06201520022829486
3.5 9.0 -0.2297550545355613
4.0 9.0 -0.41148230684214054
4.5 9.0 -0.5952107881653997
5.0 9.0 -0.7648781678542789
5.5 9.0 -0.9012880566410308
6.0 9.0 -0.9840363888387289
6.5 9.0 -0.9943631767454474
7.0 9.0 -0.9186368297074818
7.5 9.0 -0.7519374418563864
8.0 9.0 -0.5010191903189258
8.5 9.0 -0.18586508096360313
9.0 9.0 0.16084964506716973
9.5 9.0 0.4967774834591485
10.0 9.0 0.7753400962492819
-10.0 9.5 0.9413953982800666
-9.5 9.5 0.7634630391683066
-9.0 9.5 0.4967774834591485
-8.5 9.5 0.18018858365607882
-8.0 9.5 -0.1461034162642843
-7.5 9.5 -0.4463230330318782
-7.0 9.5 -0.6932197600098279
-6.5 9.5 -0.8701497788200918
-6.0 9.5 -0.9712122754079591
-5.5 9.5 -0.9998321002823947
-5.0 9.5 -0.96635937593579
-4.5 9.5 -0.885291309340699
-4.0 9.5 -0.7726380389250822
-3.5 9.5 -0.6437972364374531
-3.0 9.5 -0.5121202140244393
-2.5 9.5 -0.3881868968001523
-2.0 9.5 -0.27968496044631697
-1.5 9.5 -0.19171971819713807
-1.0 9.5 -0.12736176564809504
-0.5 9.5 -0.08825585875765106
0.0 9.5 -0.0751511204618093
0.5 9.5 -0.08825585875765106
1.0 9.5 -0.12736176564809504
1.5 9.5 -0.19171971819713807
2.0 9.5 -0.27968496044631697
2.5 9.5 -0.3881868968001523
3.0 9.5 -0.5121202140244393
3.5 9.5 -0.6437972364374531
4.0 9.5 -0.7726380389250822
4.5 9.5 -0.885291309340699
5.0 9.5 -0.96635937593579
5.5 9.5 -0.9998321002823947
6.0 9.5 -0.9712122754079591
6.5 9.5 -0.8701497788200918
7.0 9.5 -0.6932197600098279
7.5 9.5 -0.4463230330318782
8.0 9.5 -0.1461034162642843
8.5 9.5 0.18018858365607882
9.0 9.5 0.4967774834591485
9.5 9.5 0.7634630391683066
10.0 9.5 0.9413953982800666
-10.0 10.0 0.9999876561221204
-9.5 10.0 0.9413953982800666
-9.0 10.0 0.7753400962492819
-8.5 10.0 0.5295195825994408
-8.0 10.0 0.2375839859261567
-7.5 10.0 -0.06632189735120068
-7.0 10.0 -0.35210108504889737
-6.5 10.0 -0.596802481161462
-6.0 10.0 -0.786095708473608
-5.5 10.0 -0.9142522407793475
-5.0 10.0 -0.9829793407063873
-4.5 10.0 -0.9995584471545887
-4.0 10.0 -0.9747394897226348
-3.5 10.0 -0.9207631170108094
-3.0 10.0 -0.8497593056327711
-2.5 10.0 -0.7726380389250822
-2.0 10.0 -0.6984726873116567
-1.5 10.0 -0.6342949941088823
-1.0 10.0 -0.5851764690934534
-0.5 10.0 -0.5544602372627473
0.0 10.0 -0.5440211108893698
0.5 10.0 -0.5544602372627473
1.0 10.0 -0.5851764690934534
1.5 10.0 -0.6342949941088823
2.0 10.0 -0.6984726873116567
2.5 10.0 -0.7726380389250822
3.0 10.0 -0.8497593056327711
3.5 10.0 -0.9207631170108094
4.0 10.0 -0.9747394897226348
4.5 10.0 -0.9995584471545887
5.0 10.0 -0.9829793407063873
5.5 10.0 -0.9142522407793475
6.0 10.0 -0.786095708473608
6.5 10.0 -0.596802481161462
7.0 10.0 -0.35210108504889737
7.5 10.0 -0.06632189735120068
8.0 10.0 0.2375839859261567
8.5 10.0 0.5295195825994408
9.0 10.0 0.7753400962492819
9.5 10.0 0.9413953982800666
10.0 10.0 0.9999876561221204
